0 1 3
0 3 2
0 4 3
0 5 2
0 6 1
0 7 3
0 8 2
0 9 1
0 10 2
0 11 2
0 13 2
0 14 3
0 15 3
0 16 1
0 17 1
0 19 1
0 20 1
0 21 1
0 22 1
0 23 2
0 25 1
0 26 1
0 27 1
0 28 1
0 32 1
0 34 3
0 35 2
0 36 3
0 37 1
0 38 1
0 39 1
1 3 2
1 4 6
1 5 2
1 6 1
1 7 3
1 8 3
1 9 2
1 10 2
1 11 2
1 13 3
1 14 4
1 15 4
1 16 1
1 17 1
1 19 2
1 20 1
1 21 1
1 22 1
1 23 2
1 25 1
1 26 2
1 27 1
1 28 1
1 29 1
1 32 1
1 34 5
1 35 5
1 36 7
1 37 1
1 38 2
3 4 1
3 5 2
3 6 1
3 7 2
3 8 2
3 9 1
3 10 2
3 11 2
3 13 2
3 14 2
3 15 2
3 16 1
3 17 1
3 19 1
3 20 1
3 21 1
3 22 1
3 23 1
3 25 1
3 26 1
3 27 1
3 28 1
3 32 1
3 34 2
3 35 2
3 36 1
3 37 1
3 38 1
4 5 1
4 6 1
4 7 3
4 8 2
4 9 2
4 10 3
4 11 4
4 13 4
4 14 5
4 15 7
4 16 1
4 17 1
4 19 2
4 20 3
4 21 2
4 22 2
4 23 3
4 26 2
4 27 1
4 28 1
4 29 1
4 32 1
4 34 6
4 35 4
4 36 13
4 37 1
4 38 2
4 39 1
5 6 1
5 7 2
5 8 2
5 9 1
5 10 2
5 11 2
5 13 2
5 14 2
5 15 2
5 16 1
5 17 1
5 19 1
5 20 1
5 21 1
5 22 1
5 23 1
5 25 1
5 26 1
5 27 1
5 28 1
5 32 1
5 34 2
5 35 2
5 36 1
5 37 1
5 38 1
6 7 1
6 8 1
6 9 1
6 10 1
6 11 1
6 13 1
6 14 1
6 15 1
6 16 1
6 17 1
6 19 1
6 20 1
6 21 1
6 22 1
6 23 1
6 27 1
6 28 1
6 32 1
6 34 1
6 35 1
6 37 1
6 38 1
7 8 2
7 9 1
7 10 2
7 11 2
7 13 2
7 14 3
7 15 3
7 16 1
7 17 1
7 19 1
7 20 1
7 21 1
7 22 1
7 23 2
7 25 1
7 26 1
7 27 1
7 28 1
7 32 1
7 34 3
7 35 2
7 36 3
7 37 1
7 38 1
7 39 1
8 9 2
8 10 2
8 11 2
8 13 2
8 14 3
8 15 2
8 16 1
8 17 1
8 19 1
8 20 1
8 21 1
8 22 1
8 23 1
8 25 1
8 26 2
8 27 1
8 28 1
8 29 1
8 32 1
8 34 3
8 35 3
8 36 2
8 37 1
8 38 2
9 10 1
9 11 1
9 13 1
9 14 2
9 15 2
9 16 1
9 17 1
9 19 1
9 20 1
9 21 1
9 22 1
9 23 1
9 26 1
9 27 1
9 28 1
9 29 1
9 32 1
9 34 2
9 35 2
9 36 2
9 37 1
9 38 2
10 11 3
10 13 4
10 14 2
10 15 2
10 16 1
10 17 1
10 19 2
10 20 3
10 21 3
10 22 2
10 23 1
10 25 1
10 26 2
10 27 1
10 28 2
10 32 1
10 34 3
10 35 2
10 36 5
10 37 1
10 38 1
11 13 3
11 14 2
11 15 3
11 16 1
11 17 1
11 19 1
11 20 3
11 21 1
11 22 2
11 23 1
11 25 1
11 26 1
11 27 1
11 28 1
11 32 1
11 34 3
11 35 2
11 36 3
11 37 1
11 38 1
13 14 3
13 15 3
13 16 1
13 17 1
13 19 3
13 20 2
13 21 2
13 22 3
13 23 2
13 25 1
13 26 2
13 27 1
13 28 1
13 32 1
13 34 2
13 35 3
13 36 5
13 37 1
13 38 1
14 15 5
14 16 1
14 17 1
14 19 2
14 20 1
14 21 1
14 22 1
14 23 3
14 25 1
14 26 2
14 27 1
14 28 1
14 29 1
14 32 1
14 34 5
14 35 4
14 36 5
14 37 1
14 38 2
14 39 1
15 16 1
15 17 1
15 19 2
15 20 1
15 21 1
15 22 1
15 23 3
15 25 1
15 26 1
15 27 1
15 28 1
15 32 1
15 34 5
15 35 4
15 36 8
15 37 1
15 38 2
15 39 1
16 17 1
16 19 1
16 20 1
16 21 1
16 22 1
16 23 1
16 27 1
16 28 1
16 32 1
16 34 1
16 35 1
16 37 1
16 38 1
17 19 1
17 20 1
17 21 1
17 22 1
17 23 1
17 27 1
17 28 1
17 32 1
17 34 1
17 35 1
17 37 1
17 38 1
19 20 2
19 21 2
19 22 3
19 23 2
19 25 1
19 27 1
19 28 2
19 32 2
19 34 1
19 35 2
19 36 3
19 37 1
19 38 1
20 21 3
20 22 3
20 23 1
20 25 1
20 27 1
20 28 3
20 32 2
20 34 3
20 35 1
20 36 5
20 37 1
20 38 1
21 22 3
21 23 1
21 27 1
21 28 2
21 32 1
21 34 2
21 35 1
21 36 5
21 37 1
21 38 1
22 23 1
22 25 1
22 27 1
22 28 2
22 32 2
22 34 1
22 35 1
22 36 4
22 37 1
22 38 1
23 27 1
23 28 1
23 32 1
23 34 2
23 35 2
23 36 2
23 37 1
23 38 1
23 39 1
25 26 1
25 28 1
25 32 1
25 34 1
25 35 1
25 36 2
26 29 1
26 34 2
26 35 2
26 36 3
26 38 1
27 28 1
27 32 1
27 34 1
27 35 1
27 37 1
27 38 1
28 32 2
28 34 1
28 35 1
28 36 2
28 37 1
28 38 1
29 34 1
29 35 1
29 36 1
29 38 1
32 34 1
32 35 1
32 36 1
32 37 1
32 38 1
34 35 4
34 36 8
34 37 1
34 38 2
34 39 1
35 36 4
35 37 1
35 38 2
36 38 2
36 39 1
37 38 1
